0.000000000000000000e+00 1.410000000000000000e+02 1.730000000000000000e+02 7.450000000000000000e+01 1.340000000000000000e+02 4.200000000000000000e+01 1.440000000000000000e+02 2.050000000000000000e+01 8.900000000000000000e+01 9.050000000000000000e+01 1.205000000000000000e+02 1.225000000000000000e+02 1.405000000000000000e+02 1.065000000000000000e+02 4.550000000000000000e+01
1.410000000000000000e+02 0.000000000000000000e+00 8.600000000000000000e+01 1.280000000000000000e+02 7.100000000000000000e+01 1.500000000000000000e+01 7.350000000000000000e+01 4.700000000000000000e+01 7.750000000000000000e+01 5.200000000000000000e+01 1.130000000000000000e+02 1.420000000000000000e+02 1.025000000000000000e+02 1.265000000000000000e+02 8.800000000000000000e+01
1.730000000000000000e+02 8.600000000000000000e+01 0.000000000000000000e+00 1.435000000000000000e+02 5.800000000000000000e+01 6.750000000000000000e+01 9.450000000000000000e+01 6.250000000000000000e+01 1.460000000000000000e+02 1.165000000000000000e+02 9.100000000000000000e+01 6.050000000000000000e+01 9.250000000000000000e+01 9.900000000000000000e+01 1.610000000000000000e+02
7.450000000000000000e+01 1.280000000000000000e+02 1.435000000000000000e+02 0.000000000000000000e+00 9.600000000000000000e+01 6.200000000000000000e+01 1.020000000000000000e+02 5.300000000000000000e+01 1.320000000000000000e+02 1.720000000000000000e+02 1.375000000000000000e+02 5.450000000000000000e+01 1.400000000000000000e+02 1.115000000000000000e+02 1.575000000000000000e+02
1.340000000000000000e+02 7.100000000000000000e+01 5.800000000000000000e+01 9.600000000000000000e+01 0.000000000000000000e+00 1.065000000000000000e+02 1.700000000000000000e+01 1.265000000000000000e+02 7.250000000000000000e+01 7.050000000000000000e+01 6.150000000000000000e+01 1.195000000000000000e+02 9.450000000000000000e+01 1.300000000000000000e+02 9.950000000000000000e+01
4.200000000000000000e+01 1.500000000000000000e+01 6.750000000000000000e+01 6.200000000000000000e+01 1.065000000000000000e+02 0.000000000000000000e+00 1.605000000000000000e+02 1.645000000000000000e+02 8.150000000000000000e+01 1.245000000000000000e+02 1.485000000000000000e+02 1.020000000000000000e+02 1.710000000000000000e+02 1.590000000000000000e+02 1.155000000000000000e+02
1.440000000000000000e+02 7.350000000000000000e+01 9.450000000000000000e+01 1.020000000000000000e+02 1.700000000000000000e+01 1.605000000000000000e+02 0.000000000000000000e+00 1.000000000000000000e+02 1.495000000000000000e+02 8.100000000000000000e+01 9.450000000000000000e+01 9.000000000000000000e+01 6.050000000000000000e+01 1.150000000000000000e+02 8.100000000000000000e+01
2.050000000000000000e+01 4.700000000000000000e+01 6.250000000000000000e+01 5.300000000000000000e+01 1.265000000000000000e+02 1.645000000000000000e+02 1.000000000000000000e+02 0.000000000000000000e+00 1.440000000000000000e+02 1.675000000000000000e+02 5.550000000000000000e+01 1.060000000000000000e+02 9.950000000000000000e+01 5.600000000000000000e+01 1.245000000000000000e+02
8.900000000000000000e+01 7.750000000000000000e+01 1.460000000000000000e+02 1.320000000000000000e+02 7.250000000000000000e+01 8.150000000000000000e+01 1.495000000000000000e+02 1.440000000000000000e+02 0.000000000000000000e+00 1.465000000000000000e+02 1.095000000000000000e+02 3.700000000000000000e+01 1.360000000000000000e+02 1.070000000000000000e+02 8.100000000000000000e+01
9.050000000000000000e+01 5.200000000000000000e+01 1.165000000000000000e+02 1.720000000000000000e+02 7.050000000000000000e+01 1.245000000000000000e+02 8.100000000000000000e+01 1.675000000000000000e+02 1.465000000000000000e+02 0.000000000000000000e+00 9.650000000000000000e+01 1.160000000000000000e+02 1.245000000000000000e+02 1.305000000000000000e+02 6.800000000000000000e+01
1.205000000000000000e+02 1.130000000000000000e+02 9.100000000000000000e+01 1.375000000000000000e+02 6.150000000000000000e+01 1.485000000000000000e+02 9.450000000000000000e+01 5.550000000000000000e+01 1.095000000000000000e+02 9.650000000000000000e+01 0.000000000000000000e+00 1.240000000000000000e+02 4.350000000000000000e+01 7.350000000000000000e+01 1.280000000000000000e+02
1.225000000000000000e+02 1.420000000000000000e+02 6.050000000000000000e+01 5.450000000000000000e+01 1.195000000000000000e+02 1.020000000000000000e+02 9.000000000000000000e+01 1.060000000000000000e+02 3.700000000000000000e+01 1.160000000000000000e+02 1.240000000000000000e+02 0.000000000000000000e+00 1.525000000000000000e+02 5.950000000000000000e+01 1.100000000000000000e+02
1.405000000000000000e+02 1.025000000000000000e+02 9.250000000000000000e+01 1.400000000000000000e+02 9.450000000000000000e+01 1.710000000000000000e+02 6.050000000000000000e+01 9.950000000000000000e+01 1.360000000000000000e+02 1.245000000000000000e+02 4.350000000000000000e+01 1.525000000000000000e+02 0.000000000000000000e+00 1.810000000000000000e+02 5.200000000000000000e+01
1.065000000000000000e+02 1.265000000000000000e+02 9.900000000000000000e+01 1.115000000000000000e+02 1.300000000000000000e+02 1.590000000000000000e+02 1.150000000000000000e+02 5.600000000000000000e+01 1.070000000000000000e+02 1.305000000000000000e+02 7.350000000000000000e+01 5.950000000000000000e+01 1.810000000000000000e+02 0.000000000000000000e+00 1.295000000000000000e+02
4.550000000000000000e+01 8.800000000000000000e+01 1.610000000000000000e+02 1.575000000000000000e+02 9.950000000000000000e+01 1.155000000000000000e+02 8.100000000000000000e+01 1.245000000000000000e+02 8.100000000000000000e+01 6.800000000000000000e+01 1.280000000000000000e+02 1.100000000000000000e+02 5.200000000000000000e+01 1.295000000000000000e+02 0.000000000000000000e+00
